,City,Cloudiness,Country,Date,Humidity,Lat,Lng,Max Temp,Wind Speed
0,Tuktoyaktuk,75,CA,1567219585,86,69.44,-133.03,37.4,6.93
1,Yulara,0,AU,1567219586,8,-25.24,130.99,73.4,8.05
2,Rikitea,44,PF,1567219587,75,-23.12,-134.97,71.8,19.82
3,Saint Anthony,1,US,1567219588,38,43.97,-111.68,80.6,5.82
4,Chokurdakh,100,RU,1567219590,60,70.62,147.9,37.78,4.27
5,Ribeira Grande,57,PT,1567219591,89,38.52,-28.7,73.78,2.77
6,Port Hardy,75,CA,1567219327,87,50.7,-127.42,59.0,2.24
7,Alofi,75,NU,1567219593,57,-19.06,-169.92,75.2,18.34
8,Fairbanks,1,US,1567219594,40,64.84,-147.72,68.0,5.82
9,Shelburne,20,CA,1567219312,71,44.08,-80.2,59.0,4.7
10,Neuquen,0,AR,1567219596,51,-38.95,-68.06,50.0,6.93
11,Saint-Philippe,90,CA,1567219598,60,45.36,-73.48,68.0,4.7
12,Tecoanapa,75,MX,1567219599,83,16.99,-99.26,84.2,4.7
13,Nikolskoye,20,RU,1567219600,88,59.7,30.79,64.0,6.71
14,Rucheng,42,CN,1567219601,40,25.55,113.68,81.16,3.31
15,San Angelo,34,US,1567219502,35,31.46,-100.44,86.0,7.0
16,Atuona,0,PF,1567219443,77,-9.8,-139.03,79.54,18.57
17,Qaanaaq,100,GL,1567219604,54,77.48,-69.36,39.94,13.78
18,Imbituba,0,BR,1567219606,88,-28.24,-48.67,66.2,13.87
19,Carnarvon,0,ZA,1567219607,88,-30.97,22.13,36.7,19.8
20,Belmonte,0,PT,1567219608,88,40.36,-7.35,75.99,0.87
21,Hobart,75,AU,1567219494,39,-42.88,147.33,64.4,13.87
22,Chik,0,RU,1567219610,67,54.99,82.44,60.8,6.71
23,Barrow,18,AR,1567219611,68,-38.31,-60.23,41.38,4.36
24,Torbay,90,CA,1567219449,100,47.66,-52.73,66.0,9.17
25,San Rafael,0,AR,1567219614,40,-34.61,-68.33,45.88,1.7
26,Puerto Colombia,77,CO,1567219615,86,10.99,-74.96,81.7,13.18
27,Waingapu,95,ID,1567219616,47,-9.65,120.26,80.26,13.91
28,Port-Gentil,36,GA,1567219617,88,-0.72,8.78,75.4,17.45
29,Ponta do Sol,16,BR,1567219618,53,-20.63,-46.0,66.94,3.96
30,Lebu,22,ET,1567219619,84,8.96,38.73,52.72,2.93
31,Ito,75,JP,1567219621,79,34.93,139.09,90.0,16.11
32,Guerrero Negro,28,MX,1567219622,87,27.97,-114.04,69.28,15.01
33,Develi,0,TR,1567219623,82,38.39,35.49,60.8,4.7
34,Kodiak,1,US,1567219624,72,39.95,-94.76,68.0,8.05
35,Avarua,73,CK,1567219592,56,-21.21,-159.78,71.6,5.82
36,Conceicao do Araguaia,0,BR,1567219626,35,-8.26,-49.26,77.2,2.28
37,Coquimbo,0,CL,1567219628,87,-29.95,-71.34,51.8,2.24
38,Sidi Ali,0,DZ,1567219629,85,36.1,0.42,76.12,17.43
39,Chuy,100,UY,1567219630,80,-33.69,-53.46,52.72,8.08
40,Albany,40,US,1567219631,63,42.65,-73.75,66.2,4.7
41,Tuatapere,51,NZ,1567219632,80,-46.13,167.69,55.0,15.01
42,Vaini,75,IN,1567219633,94,15.34,74.49,71.6,5.82
43,Lorengau,90,PG,1567219635,78,-2.02,147.27,83.32,7.9
44,Yellowknife,20,CA,1567219636,46,62.45,-114.38,50.0,6.93
45,Los Llanos de Aridane,90,ES,1567219637,78,28.66,-17.92,73.4,16.11
46,Busselton,0,AU,1567219638,47,-33.64,115.35,63.0,19.13
47,Svetlogorsk,40,RU,1567219639,81,53.14,59.15,42.8,8.95
48,Araouane,6,ML,1567219641,38,18.9,-3.53,91.06,5.88
49,Lerwick,36,GB,1567219642,93,60.15,-1.15,53.6,3.36
50,Ahipara,28,NZ,1567219643,74,-35.17,173.16,66.0,1.01
51,Umm Lajj,100,SA,1567219644,78,25.02,37.27,84.76,11.36
52,Clyde River,90,CA,1567219645,87,70.47,-68.59,42.8,14.99
53,Punta Arenas,75,CL,1567219647,93,-53.16,-70.91,37.4,16.11
54,Kharp,100,RU,1567219648,96,66.82,65.8,41.2,7.78
55,Batie,0,FR,1567219649,93,45.06,5.82,66.99,2.24
56,Nome,1,US,1567219650,83,30.04,-94.42,84.99,5.35
57,Mindelo,75,PT,1567219651,100,41.31,-8.72,62.6,3.36
58,Sao Joao da Barra,0,BR,1567219653,93,-21.64,-41.05,65.32,1.45
59,Ushuaia,75,AR,1567219654,69,-54.81,-68.31,39.2,3.69
60,Bethel,90,US,1567219655,51,60.79,-161.76,62.6,6.35
61,Castro,90,CL,1567219656,93,-42.48,-73.76,42.8,5.82
62,Jamestown,0,AU,1567219657,39,-33.21,138.6,65.68,15.79
63,Bilma,0,NE,1567219658,32,18.69,12.92,89.08,6.91
64,Poum,0,MK,1567219660,62,41.28,20.71,57.2,3.36
65,Hofn,100,IS,1567219661,95,64.25,-15.21,34.72,12.62
66,Cape Town,40,ZA,1567219593,71,-33.93,18.42,52.0,3.36
67,Cabra,0,ES,1567219663,50,37.47,-4.43,77.0,2.24
68,The Pas,1,CA,1567219664,93,53.82,-101.24,53.6,2.24
69,Mahebourg,75,MU,1567219665,78,-20.41,57.7,71.6,14.99
70,Litovko,100,RU,1567219667,98,49.24,135.18,57.04,8.43
71,Kapaa,20,US,1567219668,66,22.08,-159.32,86.0,11.41
72,Saskylakh,0,RU,1567219669,49,71.97,114.09,50.38,4.0
73,Libertad,0,AR,1567219670,100,-34.7,-58.68,52.0,3.36
74,Gizo,20,IL,1567219671,83,31.8,34.94,77.0,3.36
75,Frauenfeld,50,CH,1567219673,100,47.56,8.9,64.99,1.12
76,Mackay,20,CA,1567219674,71,53.65,-115.58,55.4,3.36
77,Haines Junction,97,CA,1567219675,50,60.75,-137.51,55.96,3.09
78,Prokudskoye,0,RU,1567219676,67,55.01,82.46,60.8,6.71
79,Wanxian,100,CN,1567219677,89,30.8,108.39,68.02,1.86
80,Hermanus,33,ZA,1567219678,78,-34.42,19.24,52.0,5.99
81,Kahului,40,US,1567219525,62,20.89,-156.47,86.0,23.04
82,Bluff,0,AU,1567219681,34,-23.58,149.07,75.58,2.13
83,Black River,20,JM,1567219682,78,18.03,-77.85,82.4,2.24
84,Touros,40,BR,1567219683,94,-5.2,-35.46,71.6,3.36
85,Soavinandriana,0,MG,1567219684,90,-19.17,46.74,52.54,4.0
86,Cabo San Lucas,75,MX,1567219685,74,22.89,-109.91,86.0,11.41
87,Hambantota,90,LK,1567219687,100,6.12,81.12,78.8,11.41
88,Skrunda,20,LV,1567219688,100,56.68,22.02,53.6,2.24
89,Matviyivka,7,UA,1567219689,56,47.07,35.14,60.64,7.61
90,San Patricio,95,PY,1567219690,75,-26.98,-56.83,69.82,11.25
91,Talnakh,40,RU,1567219692,87,69.49,88.39,50.0,11.18
92,Homer,90,US,1567219693,100,59.64,-151.54,59.0,6.93
93,Butembo,100,CD,1567219694,98,0.12,29.29,61.9,1.23
94,Ancud,90,CL,1567219695,93,-41.87,-73.83,42.8,5.82
95,New Norfolk,75,AU,1567219696,39,-42.78,147.06,64.4,13.87
96,Kavieng,100,PG,1567219697,70,-2.57,150.8,84.4,6.33
97,Colares,0,PT,1567219699,88,38.8,-9.45,68.0,11.41
98,Muroto,75,JP,1567219700,74,33.37,134.14,78.8,3.36
99,Puerto Ayora,24,EC,1567219690,94,-0.74,-90.35,70.0,4.0
100,Bundaberg,40,AU,1567219586,41,-24.87,152.35,79.0,10.29
101,Arraial do Cabo,0,BR,1567219703,89,-22.97,-42.02,66.58,13.2
102,Faya,0,SA,1567219704,71,18.39,42.45,64.4,2.75
103,Severo-Kurilsk,37,RU,1567219706,90,50.68,156.12,50.56,11.99
104,Tiksi,1,RU,1567219707,61,71.64,128.87,41.02,7.78
105,Petropavlovsk-Kamchatskiy,60,RU,1567219708,46,53.05,158.65,71.6,6.71
106,Puerto Madryn,83,AR,1567219433,47,-42.77,-65.04,48.94,16.87
107,Cidreira,100,BR,1567219710,92,-30.17,-50.22,62.08,14.12
108,Khatanga,10,RU,1567219711,51,71.98,102.47,50.38,6.91
109,Fortuna,1,US,1567219712,77,40.6,-124.16,66.2,9.17
110,Haradok,56,BY,1567219714,99,55.46,29.99,59.02,4.14
111,Kiboga,98,UG,1567219715,97,0.92,31.77,63.7,3.13
112,Jalu,0,LY,1567219716,46,29.03,21.55,72.7,9.19
113,Beringovskiy,100,RU,1567219717,93,63.05,179.32,48.22,10.56
114,Bubaque,100,GW,1567219718,87,11.28,-15.83,77.74,17.27
115,Mataura,85,NZ,1567219697,80,-46.19,168.86,55.0,15.01
116,Klaksvik,98,FO,1567219721,100,62.23,-6.59,50.0,10.29
117,Predejane,0,RS,1567219722,72,42.83,22.13,64.4,3.36
118,Carutapera,68,BR,1567219723,83,-1.2,-46.02,77.74,6.33
119,Cooma,0,AU,1567219724,50,-36.24,149.13,51.8,12.75
120,Kataysk,100,RU,1567219725,83,56.29,62.58,44.98,12.15
121,Bandarbeyla,31,SO,1567219727,67,9.49,50.81,77.56,21.74
122,Geraldton,40,CA,1567219728,87,49.72,-86.95,48.2,2.24
123,Dauriya,82,RU,1567219729,50,49.93,116.85,71.8,8.95
124,Rome,0,IT,1567219442,78,41.89,12.48,73.99,3.36
125,Boguchany,87,RU,1567219731,61,58.38,97.46,66.76,4.9
126,San Jeronimo,29,PE,1567219733,96,-13.65,-73.37,46.96,1.34
127,Kieta,100,PG,1567219734,72,-6.22,155.63,83.68,5.06
128,Svetlaya,98,RU,1567219735,90,46.54,138.33,64.06,2.84
129,Impfondo,100,CD,1567219736,96,1.62,18.06,69.46,2.35
130,Bredasdorp,41,ZA,1567219733,76,-34.53,20.04,52.0,12.75
131,Kavaratti,97,IN,1567219738,78,10.57,72.64,81.88,18.03
132,Sugod,100,PH,1567219740,85,12.99,124.08,78.46,1.57
133,Salvador,40,BR,1567219533,78,-12.98,-38.48,77.0,8.05
134,Hithadhoo,37,MV,1567219742,71,-0.6,73.08,82.6,7.49
135,Port Alfred,0,ZA,1567219743,77,-33.59,26.89,55.0,4.0
136,Yuzhno-Sukhokumsk,0,RU,1567219744,31,44.66,45.65,61.54,5.35
137,Kununurra,0,AU,1567219745,6,-15.77,128.74,86.0,13.87
138,Laguna,0,BZ,1567219747,94,16.17,-88.94,78.8,1.52
139,Coronado,20,PA,1567219748,78,8.53,-79.9,82.0,8.05
140,Dunlop,0,AU,1567219749,50,-35.19,149.02,60.01,5.82
141,Troitskoye,0,RU,1567219750,54,52.98,84.68,68.38,7.43
142,Guozhen,100,CN,1567219751,55,29.3,113.14,81.88,12.06
143,Hovd,75,NO,1567219753,93,63.83,10.7,61.0,6.93
144,Dejen,74,ET,1567219754,92,10.16,38.15,58.48,0.51
145,Saint George,0,GR,1567219755,59,39.45,22.34,68.0,0.92
146,Yining,99,CN,1567219756,59,29.04,114.56,78.28,3.38
147,Mitsamiouli,0,KM,1567219757,68,-11.38,43.28,77.02,8.08
148,Russell,20,US,1567219759,83,38.9,-98.86,71.6,12.75
149,Fernie,75,CA,1567219760,63,49.5,-115.06,66.2,9.17
150,Winneba,90,GH,1567219764,94,5.35,-0.62,77.0,10.29
151,Waseca,1,US,1567219765,87,44.08,-93.51,62.6,2.35
152,La Marque,25,US,1567219766,74,29.37,-94.97,86.0,10.29
153,Dikson,100,RU,1567219767,96,73.51,80.55,40.12,13.58
154,Bouna,71,CI,1567219768,94,9.27,-3.0,71.44,3.27
155,Thompson,40,CA,1567219760,81,55.74,-97.86,44.6,2.06
156,Norman Wells,90,CA,1567219631,75,65.28,-126.83,46.4,3.36
157,Natal,40,BR,1567219772,83,-5.81,-35.21,73.4,5.82
158,Nanortalik,2,GL,1567219764,91,60.14,-45.24,41.2,1.32
159,Kaitangata,64,NZ,1567219741,52,-46.28,169.85,60.01,8.01
160,Dublin,75,IE,1567219518,77,53.35,-6.26,62.6,16.11
161,Brigantine,1,US,1567219776,78,39.41,-74.36,75.99,5.82
162,Tessalit,7,ML,1567219777,41,20.2,1.01,88.36,5.64
163,Taoudenni,0,ML,1567219779,36,22.68,-3.98,93.4,6.6
164,Yar-Sale,100,RU,1567219766,90,66.83,70.83,45.34,14.85
165,Port Hedland,33,AU,1567219781,37,-20.31,118.58,86.0,11.41
166,Vojens,98,DK,1567219782,77,55.25,9.31,60.8,4.7
167,Slave Lake,1,CA,1567219744,72,55.28,-114.77,59.0,5.82
168,Matongo,40,BI,1567219784,69,-3.07,29.61,57.58,1.19
169,Bay Roberts,90,CA,1567219785,100,47.58,-53.28,66.0,9.17
170,Adrar,93,DZ,1567219786,25,27.87,-0.29,89.6,19.46
171,Huarmey,41,PE,1567219788,93,-10.07,-78.15,59.92,13.31
172,Eregli,0,TR,1567219789,47,37.51,34.05,62.8,2.51
173,West Wendover,1,US,1567219790,21,40.74,-114.07,89.6,11.43
174,Port Macquarie,40,AU,1567219791,55,-31.43,152.91,72.0,9.17
175,Kalmunai,100,LK,1567219792,56,7.42,81.82,82.78,4.59
176,Praia da Vitoria,20,PT,1567219794,88,38.73,-27.07,71.6,4.0
177,Harer,1,US,1567219795,34,42.19,-111.17,68.0,2.55
178,San Pedro,0,AR,1567219796,69,-33.68,-59.66,45.0,0.76
179,Mgachi,98,RU,1567219797,84,51.05,142.27,59.92,6.53
180,Ovalle,0,CL,1567219798,79,-30.6,-71.2,47.68,7.34
181,Non Thai,75,TH,1567219800,94,15.2,102.07,81.0,8.05
182,Kudahuvadhoo,100,MV,1567219801,72,2.67,72.89,82.6,7.63
183,Kungurtug,12,RU,1567219802,28,50.6,97.53,74.5,1.28
184,Ketchikan,1,US,1567219697,68,55.34,-131.65,64.4,11.41
185,Lompoc,90,US,1567219804,82,34.64,-120.46,72.0,10.29
186,Udachnyy,40,RU,1567219806,87,66.42,112.4,51.8,4.47
187,Patterson,1,US,1567219735,35,37.47,-121.13,87.8,6.93
188,Micheweni,81,TZ,1567219808,77,-4.97,39.83,76.66,9.1
189,Seoul,75,KR,1567219511,65,37.57,126.98,78.8,1.12
190,Aripuana,0,BR,1567219810,49,-9.17,-60.63,77.56,1.61
191,Saint Albans,1,US,1567219811,76,44.81,-73.08,66.2,3.36
192,Isabela,55,PH,1567219791,74,10.2,122.99,82.6,8.25
193,Leningradskiy,100,RU,1567219814,97,69.38,178.42,40.84,9.8
194,Kalangala,20,UG,1567219815,93,-0.32,32.29,64.4,13.87
195,Elko,1,US,1567219816,15,40.83,-115.76,84.2,5.82
196,Kachiry,58,KZ,1567219817,47,53.07,76.1,59.2,17.67
197,Naze,100,NG,1567219819,93,5.43,7.07,73.78,4.23
198,Bambous Virieux,75,MU,1567219820,78,-20.34,57.76,71.6,14.99
199,Viedma,0,AR,1567219821,58,-40.81,-62.99,45.7,10.94
200,Upernavik,100,GL,1567219822,58,72.79,-56.15,44.08,11.97
201,Georgetown,0,GY,1567219823,94,6.8,-58.16,77.0,2.24
202,Lagoa,0,PT,1567219824,60,37.14,-8.45,75.2,5.82
203,Tabou,91,CI,1567219826,95,4.42,-7.36,73.78,3.8
204,Tucupita,0,VE,1567219827,95,9.06,-62.05,74.5,4.99
205,Hun,0,BE,1567219828,71,50.34,4.87,59.0,1.12
206,Mnogovershinnyy,100,RU,1567219829,94,53.94,139.92,54.7,2.48
207,Hasaki,75,JP,1567219830,74,35.73,140.83,84.2,3.36
208,Moerai,87,PF,1567219832,67,-22.43,-151.33,70.0,19.17
209,Katsuura,75,JP,1567219833,73,33.93,134.5,84.99,4.7
210,Mount Gambier,96,AU,1567219834,45,-37.83,140.78,62.6,25.28
211,Tura,19,RU,1567219835,50,64.27,100.22,54.16,3.24
212,Champerico,75,MX,1567219836,78,16.38,-93.6,77.0,14.99
213,Oksfjord,85,NO,1567219838,100,70.24,22.35,53.01,5.82
214,Garmsar,0,IR,1567219839,39,35.22,52.34,66.76,1.39
215,Aleksandrov Gay,0,RU,1567219840,68,50.14,48.57,50.56,6.67
216,Suffolk,1,US,1567219817,78,36.73,-76.58,77.0,5.37
217,La Ronge,40,CA,1567219842,62,55.1,-105.3,59.0,4.7
218,Phalaborwa,0,ZA,1567219843,46,-23.95,31.14,69.8,2.1
219,Ostrovnoy,29,RU,1567219844,85,68.05,39.51,52.36,18.3
220,Portland,20,US,1567219846,77,43.66,-70.25,69.8,6.93
221,Dong Hoi,93,VN,1567219847,78,17.48,106.6,80.98,4.03
222,Thinadhoo,64,MV,1567219621,68,0.53,72.93,82.78,4.97
223,Meulaboh,100,ID,1567219849,81,4.14,96.13,80.44,8.93
224,Finschhafen,83,PG,1567219850,71,-6.6,147.85,74.68,5.19
225,San Isidro,0,CR,1567219852,94,10.02,-84.06,69.8,3.36
226,Hilo,90,US,1567219853,74,19.71,-155.08,82.4,10.29
227,San Quintin,99,PH,1567219854,78,17.54,120.52,81.7,5.61
228,Vila Velha,75,BR,1567219855,74,-3.71,-38.6,78.8,16.11
229,Pangai,75,TO,1567219818,60,-19.8,-174.35,73.4,17.22
230,San Cristobal,38,HN,1567219857,91,14.68,-86.92,66.76,2.66
231,Mirabad,0,IR,1567219858,12,28.27,61.33,69.46,10.8
232,Paamiut,8,GL,1567219860,81,61.99,-49.67,44.62,22.5
233,Dunedin,0,NZ,1567219861,45,-45.87,170.5,66.0,5.01
234,Auki,80,NG,1567219862,89,12.18,6.51,73.24,5.91
235,Ambon,0,FR,1567219863,93,47.55,-2.56,60.8,2.24
236,Solnechnyy,100,RU,1567219864,95,50.72,136.64,53.26,4.88
237,Sioux Lookout,20,CA,1567219866,81,50.1,-91.92,57.2,2.24
238,Presidencia Roque Saenz Pena,98,AR,1567219867,78,-26.79,-60.44,63.88,11.95
239,Itoman,75,JP,1567219868,66,26.12,127.67,89.6,13.87
240,Saint-Augustin,75,CA,1567219738,77,45.63,-73.98,68.0,3.36
241,Qandala,0,SO,1567219870,53,11.47,49.87,89.26,18.3
242,Tuy Hoa,52,VN,1567219621,51,13.08,109.3,89.44,5.77
243,Narsaq,20,GL,1567219873,58,60.91,-46.05,44.6,4.7
244,Nongan,0,CN,1567219874,53,44.43,125.17,78.01,4.47
245,Port Elizabeth,1,US,1567219875,64,39.31,-74.98,77.0,4.7
246,Sao Miguel,95,BR,1567219876,94,4.52,-61.01,65.68,2.48
247,Sangar,97,RU,1567219877,43,63.92,127.47,65.5,3.67
248,Zeya,0,RU,1567219878,38,53.74,127.27,67.12,2.95
249,Isangel,90,VU,1567219880,83,-19.55,169.27,77.0,4.7
250,Ryotsu,40,JP,1567219881,69,38.08,138.43,80.6,8.05
251,Sitka,71,US,1567219882,81,37.17,-99.65,73.0,14.0
252,Jiayuguan,0,CN,1567219883,19,39.77,98.29,79.0,13.33
253,Sinnamary,55,GF,1567219884,81,5.38,-52.96,81.34,17.16
254,Srednekolymsk,87,RU,1567219886,59,67.46,153.71,41.92,4.27
255,Bahile,40,PH,1567219887,83,10.0,118.79,84.2,4.7
256,Altay,76,CN,1567219888,28,47.83,88.13,70.36,1.68
257,Keti Bandar,44,PK,1567219889,88,24.14,67.45,82.96,7.09
258,Cherskiy,97,RU,1567219820,69,68.75,161.3,39.76,9.26
259,Fort Nelson,40,CA,1567219891,52,58.81,-122.69,66.2,5.82
260,Naifaru,100,MV,1567219893,77,5.44,73.37,82.06,10.45
261,Blagoyevo,15,RU,1567219894,81,63.37,47.92,44.26,1.16
262,Port Keats,66,AU,1567219895,19,-14.25,129.55,83.68,9.53
263,Beira,40,ES,1567219896,93,43.2,-8.36,68.0,5.82
264,Vao,90,EE,1567219897,96,59.1,26.19,54.34,5.64
265,Tongzi,100,CN,1567219899,87,28.78,105.09,68.38,6.35
266,Bentonville,40,US,1567219680,82,36.37,-94.21,69.8,4.7
267,Vaitape,0,PF,1567219901,66,-16.52,-151.75,79.72,9.75
268,Butaritari,4,KI,1567219830,65,3.07,172.79,84.04,9.53
269,Mar del Plata,20,AR,1567219903,58,-46.43,-67.52,42.82,16.08
270,Det Udom,75,TH,1567219904,88,14.9,105.08,80.6,6.93
271,Brae,36,GB,1567219905,93,60.4,-1.35,53.6,8.05
272,Rio Bananal,61,BR,1567219907,81,-19.26,-40.34,65.14,0.45
273,Dwarka,40,IN,1567219908,79,28.58,77.04,91.99,4.7
274,Beloha,0,MG,1567219909,61,-25.17,45.06,62.62,1.25
275,Ust-Nera,100,RU,1567219910,52,64.57,143.24,46.6,1.14
276,Omsukchan,54,RU,1567219911,41,62.53,155.8,44.62,6.96
277,Constitucion,90,MX,1567219913,77,23.99,-104.67,63.0,8.05
278,San Carlos del Zulia,0,VE,1567219718,78,9.0,-71.91,78.46,2.3
279,Vieux-Habitants,0,GP,1567219873,83,16.06,-61.77,80.6,3.36
280,Iqaluit,90,CA,1567219722,100,63.75,-68.52,39.2,11.41
281,Puerto Escondido,90,MX,1567219917,66,15.86,-97.07,86.0,2.95
282,Salalah,75,OM,1567219851,94,17.01,54.1,77.0,4.7
283,East London,44,ZA,1567219849,76,-33.02,27.91,48.76,8.88
284,Karabudakhkent,20,RU,1567219921,77,42.71,47.58,64.4,6.71
285,Podgornoye,0,RU,1567219922,66,57.79,82.64,60.28,12.17
286,Eyrarbakki,75,IS,1567219923,75,63.86,-21.15,45.0,2.24
287,Sisimiut,100,GL,1567219881,73,66.94,-53.67,44.8,1.61
288,Tromso,0,NO,1567219925,93,69.65,18.96,50.0,18.34
289,Qaqortoq,20,GL,1567219831,58,60.72,-46.03,44.6,4.7
290,Celestun,35,MX,1567219927,84,20.87,-90.4,82.42,11.9
291,Nizwa,92,OM,1567219929,14,22.93,57.53,86.74,5.08
292,Ouadda,33,CF,1567219930,97,8.07,22.4,65.86,2.33
293,Quelimane,0,MZ,1567219931,93,-17.88,36.89,64.4,6.93
294,Tasiilaq,0,GL,1567219932,48,65.61,-37.64,42.8,4.32
295,Saldanha,0,PT,1567219933,42,41.42,-6.55,68.92,1.99
296,Batagay,0,RU,1567219934,32,67.65,134.64,54.7,3.51
297,Pitrufquen,0,CL,1567219936,100,-38.98,-72.65,41.0,3.36
298,Wairoa,0,NZ,1567219937,50,-39.04,177.43,59.0,3.0
299,Coihaique,20,CL,1567219744,99,-45.58,-72.07,42.8,5.82
300,Melbourne,0,AU,1567219821,51,-37.81,144.96,66.99,24.16
301,Aswan,0,EG,1567219940,23,24.09,32.9,82.6,14.14
302,Murillo,40,CO,1567219941,73,4.87,-75.17,71.6,6.49
303,Margate,75,AU,1567219942,39,-43.03,147.26,64.4,13.87
304,Gayny,0,RU,1567219944,82,60.3,54.33,37.6,7.49
305,Kharan,8,PK,1567219945,25,28.58,65.42,77.74,4.18
306,Ixtapa,20,MX,1567219946,66,20.71,-105.21,84.2,6.93
307,Souillac,0,FR,1567219947,77,45.6,-0.6,68.0,1.12
308,Lata,94,IN,1567219948,92,30.78,78.62,49.12,3.65
309,Ugep,97,NG,1567219950,94,5.81,8.08,73.96,5.39
310,Vestmannaeyjar,34,IS,1567219818,79,63.44,-20.27,48.4,21.32
311,Emerald,0,AU,1567219952,35,-23.53,148.16,77.0,5.82
312,Maceio,20,BR,1567219862,94,-9.67,-35.74,69.8,0.54
313,Chuzhou,100,CN,1567219954,52,32.25,118.33,91.99,1.99
314,Clyde,11,NZ,1567219955,42,-45.19,169.32,62.01,5.01
315,Behat,75,IN,1567219956,94,30.17,77.62,78.8,3.36
316,Bayir,0,TR,1567219958,77,37.27,28.22,70.0,2.24
317,Kruisfontein,33,ZA,1567219959,87,-34.0,24.73,50.2,21.79
318,Fare,1,PF,1567219960,71,-16.7,-151.02,79.18,11.77
319,Tskaltubo,75,GE,1567219961,100,42.33,42.6,66.2,2.24
320,Douglas,20,US,1567219962,45,58.28,-134.39,68.0,3.36
321,Banda Aceh,100,ID,1567219885,80,5.56,95.32,82.42,24.29
322,Yarega,0,RU,1567219965,79,63.43,53.58,38.5,7.02
323,Vila Praia de Ancora,75,PT,1567219966,100,41.81,-8.85,64.0,5.82
324,Dinar,0,TR,1567219967,52,38.07,30.16,66.2,16.11
325,Nuuk,0,GL,1567219815,61,64.17,-51.74,46.4,9.17
326,Biharamulo,57,TZ,1567219969,69,-2.64,31.31,64.06,2.39
327,Komsomolskiy,100,RU,1567219970,93,67.55,63.78,44.08,15.32
328,Balaipungut,98,ID,1567219972,57,1.11,101.31,84.4,5.68
329,Hay River,75,CA,1567219973,66,60.82,-115.79,50.0,5.82
330,Neiafu,75,TO,1567219833,69,-18.65,-173.98,75.2,11.41
331,Calvinia,92,ZA,1567219975,93,-31.47,19.78,43.9,9.13
332,Mangai,94,CD,1567219976,88,-4.07,19.59,72.52,2.15
333,Bathsheba,20,BB,1567219977,83,13.22,-59.52,80.6,10.29
334,Kendallville,1,US,1567219978,77,41.44,-85.27,64.4,3.36
335,Tula,1,RU,1567219980,87,54.19,37.62,52.54,1.1
336,Bozoum,99,CF,1567219981,96,6.31,16.38,65.5,3.13
337,Skjervoy,100,NO,1567219982,82,70.03,20.97,53.8,12.82
338,Longyearbyen,75,NO,1567219762,93,78.22,15.63,46.4,4.7
339,Dukat,0,AL,1567219789,60,40.25,19.57,73.99,3.42
340,Kokopo,100,PG,1567219985,89,-4.34,152.27,79.72,1.1
341,Okha,100,RU,1567219987,91,53.59,142.95,55.96,14.14
342,Lufilufi,75,WS,1567219988,79,-13.87,-171.6,84.2,3.36
343,Codrington,40,AU,1567219989,49,-28.95,153.24,69.01,6.93
344,Maningrida,92,AU,1567219990,20,-12.05,134.23,89.44,8.66
345,Grindavik,75,IS,1567219991,87,63.84,-22.43,44.6,14.99
346,Akcaabat,75,TR,1567219810,77,41.02,39.57,70.0,11.41
347,Troitsko-Pechorsk,66,RU,1567219994,84,62.71,56.19,38.14,8.75
348,Bonavista,49,CA,1567219995,75,48.65,-53.11,61.0,4.0
349,Indiana,90,US,1567219996,82,40.62,-79.15,70.0,4.0
350,Batticaloa,100,LK,1567219997,56,7.71,81.69,82.78,4.59
351,Oistins,20,BB,1567219998,83,13.07,-59.53,80.6,10.29
352,Bosaso,0,SO,1567219827,60,11.28,49.18,88.54,19.66
353,Basco,90,US,1567220001,88,40.33,-91.2,66.2,3.36
354,Ayaviri,29,PE,1567220002,35,-14.88,-70.59,40.84,2.68
355,Kikwit,91,CD,1567220004,76,-5.04,18.82,74.86,5.68
356,Vikhorevka,100,RU,1567220005,72,56.12,101.17,64.0,6.71
357,Williams Lake,75,CA,1567220006,40,52.13,-122.14,69.8,6.93
358,La Roche-sur-Yon,0,FR,1567220008,82,46.67,-1.43,68.0,4.7
359,Westport,1,US,1567219924,83,41.14,-73.36,75.2,3.27
360,Inhambane,0,MZ,1567219831,94,-23.87,35.38,63.16,7.92
361,Yongan,0,CN,1567219924,25,39.7,113.69,74.68,4.29
362,Liverpool,40,GB,1567219915,82,53.41,-2.98,63.0,17.22
363,Uarini,24,BR,1567220013,70,-2.98,-65.16,77.92,2.3
364,Asuncion,0,PY,1567220015,73,-25.3,-57.63,77.0,4.7
365,Chunoyar,100,RU,1567220016,90,57.45,97.32,61.36,0.6
366,Maun,0,BW,1567220017,38,-19.99,23.42,73.4,5.82
367,Agucadoura,75,PT,1567220019,100,41.43,-8.78,62.6,5.82
368,Maragogi,15,BR,1567220020,93,-9.01,-35.22,66.04,2.42
369,Zaysan,51,KZ,1567220021,26,47.47,84.87,70.72,3.94
370,Avera,1,US,1567220023,69,33.19,-82.53,80.6,4.7
371,Hamilton,40,CA,1567219785,63,43.26,-79.87,64.4,2.24
372,Vardo,75,US,1567220025,88,39.62,-77.74,73.0,4.7
373,Maryborough,21,AU,1567220026,33,-25.54,152.7,73.96,6.38
374,Toora-Khem,95,RU,1567219792,42,52.47,96.11,68.92,1.88
375,Kouango,84,CF,1567220029,95,4.99,19.98,69.46,0.89
376,Taltal,0,CL,1567219857,77,-25.41,-70.49,53.44,1.34
377,Yasnyy,97,RU,1567220031,91,64.04,44.09,45.52,1.66
378,Tual,100,ID,1567219782,84,-5.67,132.75,75.4,14.81
379,Buala,71,SB,1567220034,76,-8.15,159.59,82.78,10.71
380,Kalmar,90,SE,1567220035,100,56.66,16.36,60.01,4.27
381,Marzuq,53,YE,1567220036,35,14.4,46.47,79.0,3.89
382,Asosa,6,ET,1567220038,91,10.07,34.53,63.16,4.0
383,Kozmodemyansk,0,RU,1567220039,81,56.33,46.55,42.8,6.71
384,Acurenam,88,GA,1567220040,97,1.03,10.67,68.2,2.51
385,Waipawa,0,NZ,1567220042,53,-39.94,176.59,60.01,1.01
386,Pevek,77,RU,1567220043,85,69.7,170.27,37.78,7.23
387,Truro,100,GB,1567220045,82,50.26,-5.05,61.0,17.22
388,Yeppoon,75,AU,1567219909,36,-23.13,150.74,77.0,8.05
389,Kulhudhuffushi,100,MV,1567219877,77,6.62,73.07,81.88,11.92
390,Port Lincoln,0,AU,1567220048,61,-34.72,135.86,59.2,19.71
391,Poso,48,ID,1567220052,51,-1.4,120.75,76.3,5.21
392,Acari,0,BR,1567220059,70,-6.44,-36.64,72.34,13.91
393,Pangoa,0,PE,1567220060,89,-12.12,-73.0,69.28,3.42
394,San Juan,0,AR,1567220062,38,-31.54,-68.53,39.76,1.59
395,Sao Felix do Xingu,59,BR,1567220063,50,-6.64,-51.99,79.18,2.35
396,Bull Savanna,96,JM,1567220064,77,17.89,-77.59,82.42,5.39
397,Mayo,20,CA,1567219797,48,63.59,-135.9,68.0,8.05
398,Hualmay,25,PE,1567220066,93,-11.1,-77.61,60.1,12.3
399,Langub,75,PH,1567220068,83,7.11,125.56,84.0,4.7
400,Pocoes,10,BR,1567220069,96,-14.53,-40.37,57.58,4.81
401,Broken Hill,0,AU,1567220070,30,-31.97,141.45,66.2,12.75
402,Pisco,0,PE,1567219773,30,-13.71,-76.2,71.6,5.82
403,Kirakira,100,SB,1567220073,75,-10.46,161.92,82.6,7.65
404,Graham,90,US,1567220074,88,33.11,-98.59,73.99,4.7
405,Curaca,0,BR,1567220075,70,-8.99,-39.91,70.9,16.67
406,Obidos,20,PT,1567220076,88,39.36,-9.16,64.4,12.75
407,Creetown,75,GB,1567220078,93,54.9,-4.38,62.01,16.11
408,Shambu,12,ET,1567220079,91,9.57,37.1,53.26,2.46
409,Chapada dos Guimaraes,0,BR,1567220081,35,-15.46,-55.75,84.2,6.93
410,Mongo,89,CD,1567220083,87,-5.62,14.6,70.18,6.8
411,Wexford,75,US,1567220084,60,40.63,-80.06,72.0,8.05
412,Mocuba,0,MZ,1567219908,79,-16.84,36.99,64.42,4.7
413,Luwuk,13,ID,1567220089,61,-0.95,122.79,76.12,4.18
414,Qingyuan,20,CN,1567220091,58,27.62,119.06,84.4,2.91
415,Esperance,45,AU,1567220092,72,-33.86,121.89,59.0,24.16
416,Aykhal,40,RU,1567220093,87,65.95,111.51,51.8,4.47
417,The Valley,20,AI,1567219940,74,18.22,-63.06,84.2,8.05
418,Boende,100,CD,1567220096,97,-0.28,20.88,71.08,2.86
419,Suleja,24,NG,1567220097,92,9.18,7.18,72.7,1.48
420,Calais,0,FR,1567220098,87,50.95,1.87,63.0,6.93
421,Sao Jose da Coroa Grande,15,BR,1567220100,93,-8.9,-35.15,66.04,2.42
422,Verkhoyansk,30,RU,1567220101,34,67.55,133.39,55.24,1.16
423,Port-Cartier,75,CA,1567219907,93,50.03,-66.88,59.0,6.13
424,Sao Filipe,77,CV,1567220103,81,14.9,-24.5,78.46,9.04
425,Nantucket,1,US,1567220104,88,41.28,-70.1,72.0,5.82
426,Muisne,0,EC,1567220106,86,0.61,-80.02,72.88,11.63
427,Oranjestad,20,AW,1567219937,79,12.52,-70.03,84.2,20.8
428,Isiro,100,CD,1567220108,98,2.77,27.62,66.22,1.54
429,Pekin,1,US,1567220055,82,40.57,-89.64,66.2,4.7
430,Itaqui,94,BR,1567219996,93,-29.13,-56.55,62.62,14.03
431,Noumea,85,NC,1567219845,54,-22.28,166.46,82.4,3.36
432,Labuhan,0,ID,1567220113,42,-2.54,115.51,91.6,2.68
433,Nouadhibou,20,MR,1567220114,78,20.93,-17.03,75.2,9.17
434,Murray Bridge,57,AU,1567220116,48,-35.12,139.28,70.0,1.99
435,Paita,0,PE,1567220044,93,-5.09,-81.11,61.9,12.06
436,Bilibino,41,RU,1567220118,63,68.06,166.44,36.7,3.74
437,Bonthe,92,SL,1567220119,93,7.53,-12.5,75.22,4.7
438,Wendo,98,ET,1567220120,71,6.6,38.42,70.72,8.3
439,Caravelas,84,BR,1567220122,83,-17.73,-39.27,70.18,5.82
440,Mizdah,0,LY,1567220123,67,31.45,12.98,67.84,7.0
441,Provideniya,100,RU,1567220124,63,64.42,-173.23,51.46,8.14
442,Kenora,5,CA,1567220125,44,49.76,-94.48,62.6,5.82
443,Foz do Iguacu,0,BR,1567220126,73,-25.55,-54.59,75.2,2.24
444,Verkhnyaya Inta,100,RU,1567219891,94,65.99,60.32,40.84,11.54
445,Semporna,75,MY,1567220129,62,4.48,118.61,87.8,6.93
446,Laureles,90,MX,1567220130,94,29.18,-110.87,80.01,32.21
447,Bereznik,35,RU,1567220132,94,62.86,42.71,43.54,3.11
448,Tiznit,0,MA,1567220133,90,29.7,-9.73,66.76,7.09
449,Cayenne,0,GF,1567220134,88,4.94,-52.33,77.0,3.36
450,Banjar,96,ID,1567220135,60,-7.37,108.54,78.1,4.74
451,Dingle,90,PH,1567220137,72,11.0,122.67,83.14,4.16
452,Shiyan,67,CN,1567220138,41,32.65,110.78,91.99,1.99
453,Itupiranga,0,BR,1567220139,65,-5.13,-49.33,80.6,4.7
454,Ossora,55,RU,1567220140,61,59.24,163.07,57.58,11.45
455,Tilichiki,98,RU,1567220141,72,60.47,166.1,57.76,10.36
456,Bauchi,70,NG,1567220143,92,10.31,9.85,69.1,4.07
457,Aklavik,20,CA,1567219857,60,68.22,-135.01,42.8,6.93
458,Gravdal,90,NO,1567220145,87,59.79,5.78,61.0,17.22
459,Tyukhtet,0,RU,1567220146,62,56.54,89.31,67.3,5.86
460,Eqbaliyeh,0,IR,1567220148,64,35.3,51.54,77.0,4.7
461,Jaciara,76,BR,1567220149,28,-15.95,-54.98,81.52,2.89
462,Chicama,90,PE,1567220150,88,-7.84,-79.15,62.6,10.29
463,Namatanai,100,PG,1567220151,83,-3.66,152.44,79.72,18.68
464,Marsa Matruh,0,EG,1567220046,83,31.35,27.25,73.4,6.46
465,Suntar,85,RU,1567220153,55,62.16,117.65,66.58,2.71
466,Airai,83,TL,1567220154,43,-8.93,125.41,82.06,7.14
467,Rocha,89,UY,1567220156,88,-34.48,-54.34,43.9,4.61
468,Leeton,0,AU,1567220157,39,-34.55,146.4,66.0,6.93
469,Zhigansk,0,RU,1567219894,54,66.77,123.37,60.82,4.21
470,Brufut,75,GM,1567220159,100,13.38,-16.75,75.2,4.7
471,Barbastro,0,ES,1567220160,64,42.04,0.13,72.0,4.7
472,Dalvik,100,SE,1567220162,93,57.79,14.13,57.99,5.82
473,Jaicos,0,BR,1567220163,48,-7.36,-41.14,76.66,10.87
474,Faanui,0,PF,1567220164,66,-16.48,-151.75,79.72,9.75
475,Charters Towers,0,AU,1567220165,34,-20.07,146.27,78.64,5.53
476,Ferrandina,40,IT,1567220166,94,40.5,16.45,79.0,3.36
477,Nhulunbuy,98,AU,1567220168,32,-12.18,136.78,82.4,13.87
478,Abaza,0,RU,1567220169,76,52.65,90.1,65.86,3.18
479,Ljubovija,0,BA,1567220170,67,44.19,19.37,62.6,3.36
480,Egvekinot,98,RU,1567220091,62,66.32,-179.17,53.8,2.91
481,Kingman,1,US,1567220173,5,35.19,-114.05,107.6,6.49
482,Roald,75,NO,1567220174,87,62.58,6.12,57.99,14.99
483,Chara,0,GR,1567220175,59,39.42,22.43,68.0,0.92
484,Oum Hadjer,79,TD,1567220176,72,13.3,19.7,80.26,9.78
485,Jijiga,20,ET,1567220177,88,9.35,42.8,57.94,9.13
486,Abbeville,0,FR,1567220178,87,50.11,1.83,57.2,6.93
487,Anuchino,100,RU,1567220180,93,43.97,133.06,61.54,4.72
488,Pestretsy,40,RU,1567220181,81,55.75,49.66,44.6,6.71
489,Mirnyy,0,RU,1567220182,92,56.57,36.46,52.0,1.83
490,Pangnirtung,100,CA,1567220183,87,66.15,-65.72,42.28,4.61
491,Alice Springs,0,AU,1567220185,11,-23.7,133.88,73.4,3.36
492,Qingdao,0,CN,1567220186,42,36.09,120.35,82.99,4.47
493,Edwardsville,90,US,1567220187,94,38.81,-89.95,70.0,14.99
494,Iranshahr,0,IR,1567220189,16,27.21,60.69,86.0,4.7
495,Doha,0,QA,1567220190,63,25.29,51.53,91.4,3.36
496,Kuzovatovo,38,RU,1567220191,88,53.54,47.69,42.64,5.26
497,Pacific Grove,75,US,1567220192,82,36.62,-121.92,72.0,11.41
498,Kazerun,0,IR,1567220194,38,29.62,51.65,82.24,2.98
499,Soyo,100,AO,1567219896,91,-6.13,12.37,71.98,10.74
500,Acapulco,75,MX,1567220196,83,16.86,-99.88,84.2,4.7
501,Kloulklubed,75,PW,1567220197,78,7.04,134.26,82.4,8.05
502,Hirado,75,JP,1567220198,73,33.32,129.49,77.0,3.36
503,Port Blair,100,IN,1567220130,81,11.67,92.75,81.52,22.15
504,Whitehorse,40,CA,1567220201,22,60.72,-135.06,68.0,2.24
505,Lavrentiya,100,RU,1567220202,66,65.58,-170.99,51.1,8.59
506,Pakxan,100,LA,1567220203,98,18.39,103.66,70.9,3.71
507,Mount Isa,0,AU,1567220204,13,-20.73,139.49,77.0,6.93
508,Biguacu,20,BR,1567220206,93,-27.49,-48.66,64.4,4.7
509,Vila do Maio,75,CV,1567220207,78,15.13,-23.22,80.6,6.93
510,Mogadouro,0,PT,1567220208,42,41.34,-6.71,68.92,1.99
511,Goderich,50,CA,1567220209,62,43.74,-81.71,66.99,18.32
512,Marfino,90,RU,1567220210,100,56.07,37.56,57.99,2.24
513,Madang,37,CN,1567220211,63,35.32,102.79,49.66,2.55
514,Flin Flon,53,CA,1567220213,67,54.77,-101.88,53.8,3.67
515,Luena,28,AO,1567220214,69,-11.78,19.91,62.26,2.21
516,Vanimo,25,PG,1567220215,74,-2.67,141.3,81.7,7.25
517,Roebourne,68,AU,1567220216,23,-20.77,117.15,85.66,4.5
518,Kailua,20,US,1567220217,66,21.39,-157.74,87.8,9.17
519,Dodola,100,BF,1567220218,97,10.12,-3.28,71.26,3.6
520,Ekhabi,100,RU,1567220220,91,53.51,142.97,55.96,14.14
521,Bontang,82,ID,1567220221,59,0.12,117.47,86.38,3.58
522,Lumberton,40,US,1567220222,83,30.27,-94.2,78.8,3.36
523,Eydhafushi,100,MV,1567220223,77,5.1,73.07,81.88,8.93
524,Shitkino,100,RU,1567220225,74,56.37,98.35,67.3,7.76
525,Gat,40,SN,1567220226,100,14.69,-16.54,75.2,4.7
526,Namie,75,JP,1567220227,57,37.52,140.86,84.99,3.36
527,Poya,66,NC,1567220228,73,-21.35,165.16,75.22,5.88
528,Iisalmi,0,FI,1567220229,87,63.56,27.19,57.2,5.82
529,Cockburn Town,42,TC,1567220230,75,21.46,-71.14,83.32,10.27
530,Olinda,0,AU,1567220232,51,-37.84,145.39,66.0,24.16
531,Windhoek,0,NA,1567220233,12,-22.57,17.08,51.8,4.7
532,Saint-Pierre,0,FR,1567220234,67,48.95,4.24,57.2,5.82
533,Totma,9,RU,1567220235,90,59.98,42.76,43.72,3.11
534,Baracoa,10,CU,1567220237,76,20.35,-74.5,82.96,5.84
535,Tygda,24,RU,1567220238,32,53.11,126.33,70.36,4.29
536,Matara,22,BI,1567220239,70,-3.48,29.48,52.18,2.44
537,Kaeo,9,NZ,1567220240,75,-35.1,173.78,66.0,7.2
538,Salinas,75,US,1567219988,82,36.67,-121.66,72.0,11.41
539,Kahta,0,TR,1567220242,63,37.78,38.62,66.2,8.05
